39 34 12 0 17 10
1 345  9.820000000000000e-01  0.000000000000000e+00  5.651867842725685e+00  1.553499112723751e+00  9.200000000000000e-02  4.600000000000000e-02
2 345  1.030000000000000e+00 -1.117065801910939e+01  1.000000000000000e+01  2.370786071734424e+00  1.104000000000000e+01  2.500000000000000e+00
3 345  9.831000000000002e-01  2.144254294326563e+00  6.500000000000000e+00  1.587408986349137e+00  0.000000000000000e+00  0.000000000000000e+00
4 345  1.012300000000000e+00  2.955029058683758e+00  5.080000000000000e+00  1.577921811400757e+00  0.000000000000000e+00  0.000000000000000e+00
5 345  9.971999999999998e-01  3.981719232727789e+00  6.320000000000000e+00  8.966383001454455e-01  0.000000000000000e+00  0.000000000000000e+00
6 345  1.049300000000000e+00  4.893973689950742e+00  6.500000000000000e+00  2.698357286806346e+00  0.000000000000000e+00  0.000000000000000e+00
7 345  1.063500000000000e+00  7.794768997921965e+00  5.600000000000000e+00  2.388640408337021e+00  0.000000000000000e+00  0.000000000000000e+00
8 345  1.027800000000000e+00  1.630393752983441e+00  5.400000000000000e+00  3.350344436368186e-01  0.000000000000000e+00  0.000000000000000e+00
9 345  1.026500000000000e+00  7.332809511016164e+00  8.300000000000001e+00  6.296042711125901e-01  0.000000000000000e+00  0.000000000000000e+00
10 345  1.047500000000001e+00 -4.294087562334204e+00  2.500000000000000e+00  1.814454912034563e+00  0.000000000000000e+00  0.000000000000000e+00
11 345  1.034324891755868e+00 -9.524818538934893e+00  0.000000000000000e+00  0.000000000000000e+00  0.000000000000000e+00  0.000000000000000e+00
12 345  1.014829656368210e+00 -6.644652620215847e+00  0.000000000000000e+00  0.000000000000000e+00  0.000000000000000e+00  0.000000000000000e+00
13 345  9.828009247764754e-01 -9.649536692233626e+00  0.000000000000000e+00  0.000000000000000e+00  3.220000000000000e+00  2.400000000000000e-02
14 345  9.455440853109223e-01 -1.056063589542574e+01  0.000000000000000e+00  0.000000000000000e+00  5.000000000000000e+00  1.840000000000000e+00
15 345  9.455887111768473e-01 -9.266965535046316e+00  0.000000000000000e+00  0.000000000000000e+00  0.000000000000000e+00  0.000000000000000e+00
16 345  9.468953910795723e-01 -8.479537452312707e+00  0.000000000000000e+00  0.000000000000000e+00  0.000000000000000e+00  0.000000000000000e+00
17 345  9.391954873064814e-01 -1.096670850568114e+01  0.000000000000000e+00  0.000000000000000e+00  2.338000000000000e+00  8.400000000000000e-01
18 345  9.400860145040861e-01 -1.153789907921329e+01  0.000000000000000e+00  0.000000000000000e+00  5.220000000000000e+00  1.760000000000000e+00
19 345  1.005147927210300e+00 -1.137505215136651e+01  0.000000000000000e+00  0.000000000000000e+00  0.000000000000000e+00  0.000000000000000e+00
20 345  9.531865009923347e-01 -5.732065883432067e+00  0.000000000000000e+00  0.000000000000000e+00  0.000000000000000e+00  0.000000000000000e+00
21 345  9.820986307622308e-01 -4.564913395649586e+00  0.000000000000000e+00  0.000000000000000e+00  2.740000000000000e+00  1.150000000000000e+00
22 345  1.011790498056272e+00 -2.349202052364992e-02  0.000000000000000e+00  0.000000000000000e+00  0.000000000000000e+00  0.000000000000000e+00
23 345  1.009823775658644e+00 -2.947305835537761e-01  0.000000000000000e+00  0.000000000000000e+00  2.745000000000000e+00  8.466000000000000e-01
24 345  9.710052162823598e-01 -7.026469694711983e+00  0.000000000000000e+00  0.000000000000000e+00  3.086000000000000e+00  9.220000000000000e-01
25 345  1.024339752084636e+00 -5.192699173684442e+00  0.000000000000000e+00  0.000000000000000e+00  2.240000000000000e+00  4.720000000000000e-01
26 345  1.010927360877528e+00 -6.429104062337632e+00  0.000000000000000e+00  0.000000000000000e+00  1.390000000000000e+00  1.700000000000000e-01
27 345  9.899257662161840e-01 -8.554472490333835e+00  0.000000000000000e+00  0.000000000000000e+00  2.810000000000000e+00  7.550000000000000e-01
28 345  1.015634794201016e+00 -2.683470446936250e+00  0.000000000000000e+00  0.000000000000000e+00  2.060000000000000e+00  2.760000000000000e-01
29 345  1.018244992813881e+00  2.447118141151814e-01  0.000000000000000e+00  0.000000000000000e+00  2.835000000000000e+00  2.690000000000000e-01
30 345  9.837535329272287e-01 -2.231283718833716e+00  0.000000000000000e+00  0.000000000000000e+00  6.280000000000000e+00  1.030000000000000e+00
31 345  9.496797402134537e-01 -6.669541167783493e+00  0.000000000000000e+00  0.000000000000000e+00  0.000000000000000e+00  0.000000000000000e+00
32 345  9.296477816579243e-01 -6.660702119396271e+00  0.000000000000000e+00  0.000000000000000e+00  7.500000000000000e-02  8.800000000000000e-01
33 345  9.509242117810470e-01 -6.531679882305069e+00  0.000000000000000e+00  0.000000000000000e+00  0.000000000000000e+00  0.000000000000000e+00
34 345  9.502527377158032e-01 -8.396298626047990e+00  0.000000000000000e+00  0.000000000000000e+00  0.000000000000000e+00  0.000000000000000e+00
35 345  9.536615442890946e-01 -8.751197676107104e+00  0.000000000000000e+00  0.000000000000000e+00  3.200000000000000e+00  1.530000000000000e+00
36 345  9.712057699991745e-01 -7.113471166186987e+00  0.000000000000000e+00  0.000000000000000e+00  3.294000000000000e+00  3.230000000000000e-01
37 345  9.790391290173063e-01 -8.322571830771260e+00  0.000000000000000e+00  0.000000000000000e+00  0.000000000000000e+00  0.000000000000000e+00
38 345  9.789774529054734e-01 -9.305088095505601e+00  0.000000000000000e+00  0.000000000000000e+00  1.580000000000000e+00  3.000000000000000e-01
39 345  9.840618326382751e-01 -1.228717718121728e+00  0.000000000000000e+00  0.000000000000000e+00  0.000000000000000e+00  0.000000000000000e+00
37 27  1.300000000000000e-03  1.730000000000000e-02  1.608000000000000e-01
37 38  7.000000000000000e-04  8.200000000000001e-03  6.594999999999999e-02
36 24  3.000000000000000e-04  5.900000000000000e-03  3.400000000000000e-02
36 21  8.000000000000000e-04  1.350000000000000e-02  1.274000000000000e-01
36 39  1.600000000000000e-03  1.950000000000000e-02  1.520000000000000e-01
36 37  7.000000000000000e-04  8.900000000000000e-03  6.710000000000001e-02
35 36  9.000000000000000e-04  9.400000000000000e-03  8.550000000000001e-02
34 35  1.800000000000000e-03  2.170000000000000e-02  1.830000000000000e-01
33 34  9.000000000000000e-04  1.010000000000000e-02  8.615000000000000e-02
28 29  1.400000000000000e-03  1.510000000000000e-02  1.245000000000000e-01
26 29  5.700000000000000e-03  6.250000000000000e-02  5.145000000000000e-01
26 28  4.300000000000000e-03  4.740000000000000e-02  3.901000000000000e-01
26 27  1.400000000000000e-03  1.470000000000000e-02  1.198000000000000e-01
25 26  3.200000000000000e-03  3.230000000000000e-02  2.565000000000000e-01
23 24  2.200000000000000e-03  3.500000000000000e-02  1.805000000000000e-01
22 23  5.999999999999999e-04  9.599999999999999e-03  9.229999999999999e-02
21 22  8.000000000000000e-04  1.350000000000000e-02  1.274000000000000e-01
20 33  4.000000000000000e-04  4.300000000000000e-03  3.645000000000000e-02
20 31  4.000000000000000e-04  4.300000000000000e-03  3.645000000000000e-02
19 2  1.000000000000000e-03  2.500000000000000e-02  6.000000000000000e-01
18 19  2.300000000000000e-03  3.630000000000000e-02  1.902000000000000e-01
17 18  4.000000000000000e-04  4.600000000000000e-03  3.900000000000000e-02
16 31  7.000000000000000e-04  8.200000000000001e-03  6.945000000000000e-02
16 17  5.999999999999999e-04  9.200000000000000e-03  5.650000000000000e-02
15 18  8.000000000000000e-04  1.120000000000000e-02  7.380000000000000e-02
15 16  2.000000000000000e-04  2.600000000000000e-03  2.170000000000000e-02
14 34  8.000000000000000e-04  1.290000000000000e-02  6.909999999999999e-02
14 15  8.000000000000000e-04  1.280000000000000e-02  6.710000000000001e-02
13 38  1.100000000000000e-03  1.330000000000000e-02  1.069000000000000e-01
13 14  1.300000000000000e-03  2.130000000000000e-02  1.107000000000000e-01
12 25  7.000000000000000e-03  8.600000000000000e-03  7.300000000000000e-02
12 13  1.300000000000000e-03  1.510000000000000e-02  1.286000000000000e-01
11 12  3.500000000000000e-03  4.110000000000000e-02  3.493500000000000e-01
11 2  1.000000000000000e-03  2.500000000000000e-02  3.750000000000000e-01
39 30  7.000000000000000e-04  1.380000000000000e-02  1.000000000000000e+00  0.000000000000000e+00
39 5  7.000000000000000e-04  1.420000000000000e-02  1.000000000000000e+00  0.000000000000000e+00
32 33  1.600000000000000e-03  4.350000000000000e-02  1.000000000000000e+00  0.000000000000000e+00
32 31  1.600000000000000e-03  4.350000000000000e-02  1.000000000000000e+00  0.000000000000000e+00
30 4  9.000000000000000e-04  1.800000000000000e-02  1.000000000000000e+00  0.000000000000000e+00
29 9  8.000000000000000e-04  1.560000000000000e-02  1.000000000000000e+00  0.000000000000000e+00
25 8  5.999999999999999e-04  2.320000000000000e-02  1.000000000000000e+00  0.000000000000000e+00
23 7  5.000000000000000e-04  2.720000000000000e-02  1.000000000000000e+00  0.000000000000000e+00
22 6  7.200000000000000e-04  1.430000000000000e-02  1.000000000000000e+00  0.000000000000000e+00
20 3  1.000000000000000e-03  2.000000000000000e-02  1.000000000000000e+00  0.000000000000000e+00
16 1  1.250000000000000e-03  2.500000000000000e-02  1.000000000000000e+00  0.000000000000000e+00
12 10  9.100000000000000e-04  1.810000000000000e-02  1.000000000000000e+00  0.000000000000000e+00
1   3.030000000000000e+01  0.0 0.0  2.950000000000000e-01 7.000000000000001e-02  7.000000000000001e-02  2.820000000000000e-01  1.700000000000000e-01    1.700000000000000e-01  6.560000000000000e+00  1.500000000000000e+00  6.560000000000000e-01  1.500000000000000e-01  1.000000000000000e-02  50 0.025 10.0 -10.0
2   5.000000000000000e+02  0.0 0.0  2.000000000000000e-02 6.000000000000000e-03  6.000000000000000e-03  1.900000000000000e-02  8.000000000000000e-03    8.000000000000000e-03  7.000000000000000e+00  6.000000000000000e-01  7.000000000000000e-01  6.000000000000000e-02  1.000000000000000e-02  50 0.025 10.0 -10.0
3   3.580000000000000e+01  0.0 0.0  2.495000000000000e-01 5.310000000000000e-02  5.310000000000000e-02  2.370000000000000e-01  8.799999999999999e-02    8.799999999999999e-02  5.700000000000000e+00  1.500000000000000e+00  5.700000000000000e-01  1.500000000000000e-01  1.000000000000000e-02  50 0.025 10.0 -10.0
4   2.600000000000000e+01  0.0 0.0  6.700000000000000e-01 1.320000000000000e-01  1.320000000000000e-01  6.200000000000000e-01  1.660000000000000e-01    1.660000000000000e-01  5.400000000000000e+00  4.400000000000000e-01  5.400000000000000e-01  4.400000000000000e-02  1.000000000000000e-02  50 0.025 10.0 -10.0
5   2.860000000000000e+01  0.0 0.0  2.620000000000000e-01 4.440000000000000e-02  4.440000000000000e-02  2.580000000000000e-01  1.660000000000000e-01    1.660000000000000e-01  5.690000000000000e+00  1.500000000000000e+00  5.690000000000000e-01  1.500000000000000e-01  1.000000000000000e-02  50 0.025 10.0 -10.0
6   3.480000000000000e+01  0.0 0.0  2.540000000000000e-01 5.000000000000000e-02  5.000000000000000e-02  2.410000000000000e-01  8.100000000000000e-02    8.100000000000000e-02  7.300000000000000e+00  4.000000000000000e-01  7.300000000000000e-01  4.000000000000000e-02  1.000000000000000e-02  50 0.025 10.0 -10.0
7   2.640000000000000e+01  0.0 0.0  2.950000000000000e-01 4.900000000000000e-02  4.900000000000000e-02  2.920000000000000e-01  1.860000000000000e-01    1.860000000000000e-01  5.660000000000000e+00  1.500000000000000e+00  5.659999999999999e-01  1.500000000000000e-01  1.000000000000000e-02  50 0.025 10.0 -10.0
8   2.430000000000000e+01  0.0 0.0  2.900000000000000e-01 5.700000000000000e-02  5.700000000000000e-02  2.800000000000000e-01  9.100000000000000e-02    9.100000000000000e-02  6.700000000000000e+00  4.100000000000000e-01  6.700000000000000e-01  4.100000000000000e-02  1.000000000000000e-02  50 0.025 10.0 -10.0
9   3.450000000000000e+01  0.0 0.0  2.110000000000000e-01 5.700000000000000e-02  5.700000000000000e-02  2.050000000000000e-01  5.900000000000000e-02    5.900000000000000e-02  4.790000000000000e+00  1.960000000000000e+00  4.790000000000000e-01  1.960000000000000e-01  1.000000000000000e-02  50 0.025 10.0 -10.0
10  4.200000000000000e+01  0.0 0.0  1.000000000000000e-01 3.100000000000000e-02  3.100000000000000e-02  6.900000000000001e-02  3.100000000000000e-02    3.100000000000000e-02  1.020000000000000e+01  8.000000000000000e-01  1.020000000000000e+00  8.000000000000000e-02  1.000000000000000e-02  50 0.025 10.0 -10.0
100 60 30.0 1e-3 
