9 6 3 0 3 3
1 345  1.040000000000000e+00  0.000000000000000e+00  7.164102147448239e-01  2.704592353349233e-01  0.000000000000000e+00  0.000000000000000e+00
2 345  1.025000000000000e+00  9.280005481642794e+00  1.630000000000000e+00  6.653660318427285e-02  0.000000000000000e+00  0.000000000000000e+00
3 345  1.025000000000000e+00  4.664751333136766e+00  8.500000000000000e-01 -1.085970907098886e-01  0.000000000000000e+00  0.000000000000000e+00
4 345  1.025788392844010e+00 -2.216787799949790e+00  0.000000000000000e+00  0.000000000000000e+00  0.000000000000000e+00  0.000000000000000e+00
5 345  9.956308580482945e-01 -3.988805272851468e+00  0.000000000000000e+00  0.000000000000000e+00  1.250000000000000e+00  5.000000000000000e-01
6 345  1.012654324017776e+00 -3.687396170157065e+00  0.000000000000000e+00  0.000000000000000e+00  9.000000000000000e-01  3.000000000000000e-01
7 345  1.025769372386454e+00  3.719701154621757e+00  0.000000000000000e+00  0.000000000000000e+00  0.000000000000000e+00  0.000000000000000e+00
8 345  1.015882583627499e+00  7.275360768742909e-01  0.000000000000000e+00  0.000000000000000e+00  1.000000000000000e+00  3.500000000000000e-01
9 345  1.032352949002368e+00  1.966716074449078e+00  0.000000000000000e+00  0.000000000000000e+00  0.000000000000000e+00  0.000000000000000e+00
4 6  1.700000000000000e-02  9.200000000000000e-02  7.900000000000000e-02
6 9  3.900000000000000e-02  1.700000000000000e-01  1.790000000000000e-01
8 9  1.190000000000000e-02  1.008000000000000e-01  1.045000000000000e-01
7 8  8.500000000000001e-03  7.199999999999999e-02  7.450000000000000e-02
5 7  3.200000000000000e-02  1.610000000000000e-01  1.530000000000000e-01
4 5  1.000000000000000e-02  8.500000000000001e-02  8.799999999999999e-02
3 9  0.000000000000000e+00  5.860000000000000e-02  1.000000000000000e+00 0.0
2 7  0.000000000000000e+00  6.250000000000000e-02  1.000000000000000e+00 0.0
1 4  0.000000000000000e+00  5.760000000000000e-02  1.000000000000000e+00 0.0
1 23.64 0.0 0.0 0.146  0.0608 0.0608 0.0969 0.0969 0.0969 8.96 8.96e-2 0.31  0.31e-2  0.01 20 0.02 10 -10
2 6.4 0.0 0.0  0.8958 0.1198 0.1198 0.8645 0.1969 0.1969 6.0  6.0e-2  0.535 0.535e-2 0.01 20 0.02 10 -10
3 3.01 0.0 0.0 1.3125 0.1813 0.1813 1.2578 0.25   0.25   5.89 5.89e-2 0.6   0.6e-2   0.01 20 0.02 10 -10
100 60 30.0 0.001
